62
26.4 92.80000000000001 0
189.6 67.19999999999999 1
351.99999999999994 47.2 2
460.8 38.400000000000006 3
564.8000000000001 22.400000000000002 4
689.6 31.2 5
785.6 22.400000000000002 6
207.2 189.60000000000002 7
336.0 121.60000000000002 8
463.19999999999993 92.80000000000001 9
560.0000000000001 147.2 10
676.0 149.59999999999997 11
215.2 244.0 12
335.2 250.39999999999998 13
448.0 263.20000000000005 14
557.6 269.59999999999997 15
675.2 273.6 16
787.2 272.0 17
76.0 313.6 18
146.39999999999998 440.0 19
225.6 383.2 20
230.39999999999998 491.20000000000005 21
555.2 382.4 22
676.0 374.4 23
784.8000000000001 375.2 24
433.59999999999997 493.6 25
553.6000000000001 491.2 26
674.4000000000001 497.6 27
784.8000000000001 494.4 28
420.8 591.2 29
492.0 620.0 30
560.0 604.0 31
672.8000000000001 567.2 32
783.2 565.5999999999999 33
227.2 659.2 34
264.0 667.2 35
367.2 682.4 36
405.59999999999997 792.8 37
277.59999999999997 825.5999999999999 38
581.6 816.8 39
793.6 826.4 40
785.6 657.5999999999999 41
676.8000000000001 660.0 42
570.4000000000001 716.8 43
671.2 819.2 44
792.0 939.2 45
677.6 937.5999999999999 46
596.0 936.8 47
412.8 965.6 48
230.39999999999998 1051.2 49
411.2 1037.6000000000001 50
594.4000000000001 1028.0 51
402.4 1136.0 52
578.4000000000001 1129.6000000000001 53
78.4 1258.3999999999999 54
223.2 1251.2 55
396.8 1241.6 56
578.4000000000001 1225.6 57
707.2 1181.6 58
244.79999999999998 1386.4 59
378.4 1366.4 60
565.6 1356.0 61
188
12 13 1.0
12 7 1.0
12 20 1.0
57 58 4.0
57 56 2.0
57 53 1.0
57 61 1.0
35 36 1.0
35 38 2.0
35 34 1.0
39 47 1.0
39 43 1.0
39 44 1.0
28 24 1.0
28 27 1.0
28 33 1.0
40 44 2.0
40 41 2.0
40 45 2.0
36 37 1.0
36 29 1.0
36 35 1.0
49 38 4.0
49 50 3.0
49 55 3.0
14 25 2.0
14 13 1.0
14 15 2.0
14 9 2.0
17 6 2.0
17 16 1.0
17 24 1.0
0 1 1.0
0 18 2.0
31 32 2.0
31 30 1.0
31 43 1.0
31 26 1.0
58 57 4.0
58 53 4.0
46 47 1.0
46 45 2.0
46 44 2.0
24 28 1.0
24 17 1.0
24 23 1.0
21 34 2.0
21 20 1.0
21 29 2.0
21 19 1.0
61 57 1.0
61 60 2.0
16 15 1.0
16 11 1.0
16 17 1.0
16 23 1.0
54 55 2.0
3 4 1.0
3 2 1.0
3 9 1.0
22 15 1.0
22 26 1.0
22 23 2.0
60 56 2.0
60 59 1.0
60 61 2.0
20 21 1.0
20 12 1.0
29 25 1.0
29 36 1.0
29 21 2.0
29 30 1.0
11 10 2.0
11 5 2.0
11 16 1.0
44 39 1.0
44 40 2.0
44 46 2.0
50 52 1.0
50 51 2.0
50 49 3.0
55 56 1.0
55 59 2.0
55 54 2.0
55 49 3.0
48 37 2.0
10 4 1.0
10 9 2.0
10 11 2.0
10 15 1.0
1 0 1.0
1 2 1.0
1 7 1.0
52 56 1.0
52 53 2.0
52 50 1.0
32 33 1.0
32 31 2.0
32 27 1.0
32 42 1.0
7 12 1.0
7 1 1.0
7 8 2.0
30 31 1.0
30 43 1.0
30 29 1.0
30 26 1.0
43 39 1.0
43 31 1.0
43 30 1.0
37 36 1.0
37 48 2.0
56 57 2.0
56 60 2.0
56 52 1.0
56 55 1.0
19 21 1.0
19 18 1.0
8 13 2.0
8 2 1.0
8 7 2.0
8 9 2.0
45 40 2.0
45 46 2.0
2 1 1.0
2 3 1.0
2 8 1.0
23 22 2.0
23 16 1.0
23 24 1.0
23 27 1.0
26 25 2.0
26 22 1.0
26 31 1.0
26 30 1.0
26 27 2.0
53 58 4.0
53 51 1.0
53 57 1.0
53 52 2.0
34 21 2.0
34 35 1.0
47 39 1.0
47 46 1.0
47 51 1.0
4 3 1.0
4 5 6.0
4 10 1.0
51 47 1.0
51 53 1.0
51 50 2.0
18 0 2.0
18 19 1.0
41 33 1.0
41 40 2.0
41 42 2.0
13 8 2.0
13 12 1.0
13 14 1.0
27 28 1.0
27 26 2.0
27 32 1.0
27 23 1.0
15 10 1.0
15 22 1.0
15 14 2.0
15 16 1.0
5 4 6.0
5 6 2.0
5 11 2.0
59 60 1.0
59 55 2.0
25 14 2.0
25 29 1.0
25 26 2.0
6 5 2.0
6 17 2.0
33 28 1.0
33 32 1.0
33 41 1.0
42 41 2.0
42 32 1.0
38 49 4.0
38 35 2.0
9 10 2.0
9 14 2.0
9 3 1.0
9 8 2.0
